4294967278,5
4294967278,372
4294967279,367
4294967278,277
4294967279,366
4294967278,6
4294967279,261
4294967278,371
4294967279,282
4294967278,7
4294967279,281
4294967278,370
4294967279,365
4294967278,369
4294967278,8
4294967278,9
4294967278,368
4294967278,10
4294967279,364
4294967278,256
4294967279,363
4294967278,367
4294967278,12
4294967278,11
4294967278,366
4294967278,14
4294967278,13
4294967279,362
4294967278,255
4294967279,361
4294967278,365
4294967279,360
4294967278,364
4294967279,359
4294967278,363
4294967278,362
4294967278,251
4294967279,358
4294967278,249
4294967279,357
4294967278,247
4294967278,15
4294967278,245
4294967278,16
4294967278,243
4294967278,17
4294967278,241
4294967278,239
4294967279,356
4294967278,361
4294967278,360
4294967278,18
4294967279,355
4294967278,235
4294967278,19
4294967278,233
4294967278,20
4294967278,231
4294967278,229
4294967278,21
4294967278,227
4294967278,22
4294967278,225
4294967278,25
4294967278,24
4294967278,23
4294967294,430
4294967278,223
4294967278,218
4294967278,219
4294967278,221
4294967278,28
4294967278,27
4294967278,26
4294967278,217
4294967294,61
4294967294,14
4294967294,20
4294967294,127
4294967294,126
4294967294,18
4294967294,13
4294967278,215
4294967278,29
4294967278,359
4294967278,30
4294967279,354
4294967278,358
4294967278,357
4294967279,353
4294967278,356
4294967279,352
4294967278,355
4294967279,351
4294967278,354
4294967279,350
4294967278,31
4294967279,349
4294967278,32
4294967278,353
4294967279,348
4294967278,352
4294967278,351
4294967279,347
4294967279,346
4294967278,350
4294967279,345
4294967278,349
4294967278,33
4294967278,348
4294967278,34
4294967279,344
4294967278,35
4294967278,347
4294967278,346
4294967279,343
4294967278,345
4294967279,342
4294967278,344
4294967279,341
4294967278,343
4294967278,342
4294967278,341
4294967279,340
4294967278,340
4294967278,36
4294967278,339
4294967278,37
4294967279,339
4294967278,38
4294967278,338
4294967279,338
4294967278,337
4294967278,336
4294967279,337
4294967278,39
4294967279,37
4294967279,36
4294967278,335
4294967294,392
4294967294,46
4294967294,120
4294967294,114
4294967294,187
4294967279,336
4294967278,334
4294967279,335
4294967278,333
4294967279,35
4294967279,334
4294967278,332
4294967279,333
4294967278,331
4294967279,332
4294967278,330
4294967279,331
4294967278,329
4294967279,330
4294967279,33
4294967278,328
4294967279,329
4294967278,327
4294967279,328
4294967278,326
4294967279,31
4294967279,327
4294967278,325
4294967279,326
4294967278,324
4294967279,325
4294967278,323
4294967279,324
4294967278,322
4294967279,323
4294967278,321
4294967279,322
4294967294,1054
4294967294,390
4294967279,321
4294967278,320
4294967279,27
4294967279,320
4294967278,319
4294967279,319
4294967278,318
4294967279,318
4294967278,317
4294967279,25
4294967279,24
4294967279,23
4294967278,303
4243767290,0
4294967278,302
4294967278,301
3,4
4294967279,21
4294967279,19
4294967279,18
4294967279,17
4294967279,16
4294967279,14
4294967279,12
4294967279,11
4294967294,81
4294967294,97
4294967294,12
4294967294,11
4294967294,186
4294967294,469
4294967294,1035
4294967294,29
4294967294,1082
4294967294,441
4294967278,316
4294967294,5
4294967294,22
4294967294,76
4294967294,42
4294967294,426
4294967294,43
4294967278,159
4294967294,91
4294967294,90
4294967294,87
4294967294,85
4294967294,84
4294967294,83
4294967294,1081
4294967294,1053
4294967294,470
4294967294,52
4294967294,203
4294967294,82
4294967278,315
4294967278,314
4294967278,0
4294967294,7
4294967279,317
4294967278,132
4294967278,131
4294967278,130
4294967278,129
4294967278,128
4294967278,127
4294967278,126
4294967278,125
4294967278,124
4294967278,123
4294967278,122
4294967278,121
4294967278,120
4294967278,119
4294967278,118
4294967278,117
4294967278,116
4294967278,115
4294967278,114
4294967278,113
4294967278,112
4294967278,111
4294967278,110
4294967278,109
4294967278,108
4294967278,107
4294967278,106
4294967278,105
4294967278,104
4294967278,103
4294967278,102
4294967278,101
4294967278,100
4294967278,99
4294967278,98
4294967278,97
4294967278,96
4294967278,95
4294967278,94
4294967278,93
4294967278,92
4294967278,91
4294967278,90
4294967278,89
4294967278,87
4294967278,86
4294967278,85
4294967278,84
4294967278,83
4294967278,82
4294967278,81
4294967278,80
4294967278,79
4294967278,78
4294967278,77
4294967278,76
4294967278,75
4294967278,74
4294967278,73
4294967278,72
